size3, num_hidden16:
test_acc:[0.843999981880188, 0.8507999777793884, 0.857699990272522, 0.864799976348877, 0.8684999942779541, 0.8718000054359436, 0.8751999735832214, 0.8777999877929688, 0.8812999725341797, 0.8840000033378601],
train_acc:[0.14571666717529297, 0.24248333275318146, 0.35823333263397217, 0.4579166769981384, 0.5328166484832764, 0.589733362197876, 0.6347833275794983, 0.6680333614349365, 0.6977666616439819, 0.7212833166122437],
validate_acc:[0.262800008058548, 0.49540001153945923, 0.6335999965667725, 0.6985999941825867, 0.7439000010490417, 0.7718999981880188, 0.7929999828338623, 0.8127999901771545, 0.8248999714851379, 0.8374999761581421]

size3, num_hidden32:
test_acc:[0.8765000104904175, 0.8802000284194946, 0.8845999836921692, 0.887499988079071, 0.8916000127792358, 0.8948000073432922, 0.8960999846458435, 0.8988999724388123, 0.900600016117096, 0.9028000235557556],
train_acc:[0.18583333492279053, 0.37148332595825195, 0.5098999738693237, 0.6141499876976013, 0.669866681098938, 0.7130500078201294, 0.7465500235557556, 0.774316668510437, 0.7960000038146973, 0.8125333189964294],
validate_acc:[0.4555000066757202, 0.6416000127792358, 0.7311000227928162, 0.7756999731063843, 0.804099977016449, 0.824999988079071, 0.8398000001907349, 0.8543999791145325, 0.8651000261306763, 0.8705000281333923]

size3, num_hidden64:
test_acc:[0.8988999724388123, 0.9021999835968018, 0.9049999713897705, 0.9067999720573425, 0.9082000255584717, 0.9107000231742859, 0.9136999845504761, 0.9136999845504761, 0.9162999987602234, 0.9174000024795532],
train_acc:[0.27730000019073486, 0.5300999879837036, 0.6566166877746582, 0.7274166941642761, 0.7715666890144348, 0.8024666905403137, 0.8257833123207092, 0.845300018787384, 0.8574166893959045, 0.8657666444778442],
validate_acc:[0.6556000113487244, 0.7687000036239624, 0.8093000054359436, 0.8303999900817871, 0.8500999808311462, 0.862500011920929, 0.8791000247001648, 0.8855000138282776, 0.891700029373169, 0.896399974822998]

size3, num_hidden128:
test_acc:[0.9074000120162964, 0.9128999710083008, 0.9132999777793884, 0.9154000282287598, 0.9172000288963318, 0.9190000295639038, 0.921500027179718, 0.9236999750137329, 0.9240000247955322, 0.9247000217437744],
train_acc:[0.36250001192092896, 0.612666666507721, 0.7113999724388123, 0.7712666392326355, 0.8113999962806702, 0.8372499942779541, 0.8546000123023987, 0.8659166693687439, 0.8748000264167786, 0.8814333081245422],
validate_acc:[0.6567000150680542, 0.7653999924659729, 0.8306000232696533, 0.8547000288963318, 0.8691999912261963, 0.8787999749183655, 0.8877000212669373, 0.8942999839782715, 0.8989999890327454, 0.9041000008583069]

size4, num_hidden16:
test_acc:[0.8345000147819519, 0.8452000021934509, 0.8543000221252441, 0.8621000051498413, 0.8675000071525574, 0.8723000288009644, 0.8765000104904175, 0.879800021648407, 0.8823999762535095, 0.8859999775886536],
train_acc:[0.16003333032131195, 0.27258333563804626, 0.36506667733192444, 0.44021666049957275, 0.5104833245277405, 0.566266655921936, 0.6189333200454712, 0.6586499810218811, 0.6913999915122986, 0.7134666442871094],
validate_acc:[0.3057999908924103, 0.4659000039100647, 0.5932999849319458, 0.6758000254631042, 0.7103999853134155, 0.7401999831199646, 0.7599999904632568, 0.7803000211715698, 0.8008000254631042, 0.8206999897956848]

size4, num_hidden32:
test_acc:[0.8743000030517578, 0.8794000148773193, 0.8845000267028809, 0.8894000053405762, 0.89410001039505, 0.8978000283241272, 0.9009000062942505, 0.9025999903678894, 0.9063000082969666, 0.9077000021934509],
train_acc:[0.17996667325496674, 0.3467666804790497, 0.46783334016799927, 0.564300000667572, 0.635533332824707, 0.685699999332428, 0.724566638469696, 0.7565333247184753, 0.7826166749000549, 0.7986166477203369],
validate_acc:[0.4361000061035156, 0.5763999819755554, 0.6650999784469604, 0.7260000109672546, 0.7735999822616577, 0.8029999732971191, 0.8242999911308289, 0.8389999866485596, 0.8550000190734863, 0.8662999868392944]

size4, num_hidden64:
test_acc:[0.8938000202178955, 0.8981999754905701, 0.9021999835968018, 0.9067000150680542, 0.9083999991416931, 0.9097999930381775, 0.9132999777793884, 0.9150999784469604, 0.9147999882698059, 0.9175000190734863],
train_acc:[0.24924999475479126, 0.4681333303451538, 0.6004166603088379, 0.6890833377838135, 0.7436500191688538, 0.7863333225250244, 0.8138833045959473, 0.8356500267982483, 0.8459500074386597, 0.8573499917984009],
validate_acc:[0.5139999985694885, 0.6389999985694885, 0.7656000256538391, 0.8163999915122986, 0.8422999978065491, 0.8569999933242798, 0.8679999709129333, 0.8790000081062317, 0.8859000205993652, 0.8912000060081482]


size4, num_hidden128:
test_acc:[0.9063000082969666, 0.9106000065803528, 0.9114999771118164, 0.9153000116348267, 0.9157999753952026, 0.9204999804496765, 0.9200999736785889, 0.9222000241279602, 0.9258000254631042, 0.9279000163078308],
train_acc:[0.34646666049957275, 0.6281833052635193, 0.7350500226020813, 0.7912833094596863, 0.8295999765396118, 0.8519833087921143, 0.8630666732788086, 0.8742166757583618, 0.8796333074569702, 0.8852166533470154],
validate_acc:[0.7103000283241272, 0.7997000217437744, 0.8349999785423279, 0.8593000173568726, 0.873199999332428, 0.8831999897956848, 0.8881999850273132, 0.8949999809265137, 0.9004999995231628, 0.9032999873161316] 
----------------------------------

size3, num_hidden64:
test_acc:[0.8992000222206116, 0.9025999903678894, 0.9052000045776367, 0.9081000089645386, 0.9086999893188477, 0.911300003528595, 0.9133999943733215, 0.9143000245094299, 0.9154999852180481, 0.9164000153541565],
train_acc:[0.2528333365917206, 0.47246667742729187, 0.6086500287055969, 0.6949333548545837, 0.7515166401863098, 0.7896666526794434, 0.8178666830062866, 0.8350333571434021, 0.8489166498184204, 0.8596333265304565],
validate_acc:[0.5325000286102295, 0.6764000058174133, 0.7786999940872192, 0.8217999935150146, 0.8446999788284302, 0.8644000291824341, 0.8776000142097473, 0.8865000009536743, 0.8913999795913696, 0.8953999876976013]

size4, num_hidden64:
test_acc:[0.8956999778747559, 0.8980000019073486, 0.902999997138977, 0.9068999886512756, 0.9088000059127808, 0.9121999740600586, 0.9133999943733215, 0.9162999987602234, 0.9178000092506409, 0.9189000129699707],
train_acc:[0.23440000414848328, 0.44859999418258667, 0.5858333110809326, 0.6732833385467529, 0.7391999959945679, 0.7826166749000549, 0.8114666938781738, 0.8304499983787537, 0.8454999923706055, 0.8543000221252441],
validate_acc:[0.5699999928474426, 0.7095000147819519, 0.7800999879837036, 0.8131999969482422, 0.8342000246047974, 0.8537999987602234, 0.8658999800682068, 0.8773000240325928, 0.8855000138282776, 0.8907999992370605]
size4, num_hidden64:
test_acc:[0.9909999966621399, 0.9927999973297119, 0.9922000169754028, 0.9908000230789185, 0.9922000169754028, 0.992900013923645, 0.9929999709129333, 0.9936000108718872, 0.992900013923645, 0.9926000237464905], train_acc:[0.9568166732788086, 0.9831500053405762, 0.9871666431427002, 0.9897666573524475, 0.9908999800682068, 0.992733359336853, 0.992983341217041, 0.9944333434104919, 0.994700014591217, 0.9953500032424927], validate_acc:[0.9869999885559082, 0.9896000027656555, 0.989799976348877, 0.9915000200271606, 0.991100013256073, 0.9922000169754028, 0.9922000169754028, 0.9900000095367432, 0.9927999973297119, 0.9919000267982483] size4, num_hidden64:
test_acc:[0.9922000169754028, 0.9915000200271606, 0.992900013923645, 0.9923999905586243, 0.9915000200271606, 0.9922000169754028, 0.9926000237464905, 0.991100013256073, 0.992900013923645, 0.991599977016449], train_acc:[0.9529500007629395, 0.982200026512146, 0.9871166944503784, 0.9894333481788635, 0.9912166595458984, 0.9925500154495239, 0.9934333562850952, 0.993399977684021, 0.9948999881744385, 0.9947999715805054], validate_acc:[0.9866999983787537, 0.9886999726295471, 0.9916999936103821, 0.9923999905586243, 0.9919000267982483, 0.9922999739646912, 0.9918000102043152, 0.9923999905586243, 0.9923999905586243, 0.9919999837875366] 